1030
7733
3434
2153
2528
3186
709
7306
7952
6056
1495
3265
1059
9039
3999
9453
1521
6606
834
5513
7162
3448
7072
8116
1835
6092
1527
4876
2422
6444
7555
8332
3348
4458
8724
9101
7450
5711
4282
867
7703
785
8934
3233
5376
1771
7732
6834
2899
3044
1004
5090
3729
1886
9689
1629
2982
6025
3924
6009
1287
5806
7555
7036
4834
2481
9531
3896
3401
3133
8709
3282
3338
6421
391
9724
6340
3941
3206
3580
6634
5192
1112
8524
7740
4971
9368
2482
7159
8346
1930
1994
644
3466
3589
4844
1810
8198
9509
1311
1945
3145
2122
5282
4124
1101
4560
8092
6552
2289
5895
1491
284
2617
6509
6118
2955
5288
1417
4539
4587
5282
7405
5940
6392
9727
7038
5638
1703
4599
673
4789
3735
5433
7094
1283
2455
6489
4283
2525
8191
5395
3480
1111
5705
822
2220
1297
6144
7807
6921
9977
6140
2761
1961
3602
6622
5940
7020
1828
2727
5943
1225
4512
9950
1344
8806
6494
2038
5697
86
834
3240
5171
2614
5179
7212
9488
7409
6599
5054
3646
2564
2586
2815
2288
3288
2526
1546
3585
2697
3127
2815
2684
9009
4435
3525
6442
7248
932
3782
1543
6401
1314
2984
735
5456
5021
1210
4178
2877
4896
6717
7482
8585
2820
2956
4793
3493
4659
1806
9117
4963
6949
3727
3341
1094
2680
814
4221
3035
2062
1746
9657
4135
3111
1761
6634
4455
1434
6218
8352
4512
668
6132
6765
7743
5691
6998
6514
2742
4323
3153
6405
1281
3330
6981
4159
1655
2247
5689
8596
7232
6606
1760
2404
7530
9493
5103
8971
338
3719
245
4598
9762
9150
8734
4771
8449
7216
569
2166
859
9160
4110
4935
4813
6397
5151
1910
5251
2816
8705
5703
1375
5151
5206
3907
2712
7022
7452
1495
2828
7979
3023
7689
5174
367
6577
6399
8275
1551
2284
3791
9218
2641
5191
5918
878
4679
7715
4622
4806
6163
9464
1855
7321
8966
9916
3163
1800
5766
2574
7632
4436
4614
9389
3407
7931
1509
4422
7921
2895
6398
2517
3280
6935
8521
4018
3645
2629
4507
2716
5721
5283
2584
723
8339
6682
4155
975
210
2746
2774
8038
2029
477
2901
9505
3350
5662
5196
3441
2731
5026
4094
4764
4125
2364
3301
6855
4076
1488
878
7563
2166
6224
5196
4780
3944
1338
3160
1828
1584
7789
7773
9593
4233
2985
939
869
5709
5415
3012
7427
6866
386
1274
3940
6771
9579
2925
4423
1931
6934
2602
8785
1127
9112
8016
3488
3948
3362
6750
178
6493
4388
1974
2974
6594
8579
30
4983
8899
4674
3196
1458
1260
7979
1865
5847
6322
4717
6059
7151
8180
3121
1686
4337
1525
6162
9775
1972
6494
2494
8366
2319
4509
589
1389
6395
8126
4250
7947
6213
2805
4877
8207
3122
8057
4059
6471
5683
9666
2781
6099
3547
4206
7987
2381
2842
2865
3413
3977
2134
5023
3465
6882
2927
1448
3715
1645
4145
2942
4698
5545
4760
1127
6373
1193
9028
3149
1703
877
3220
3002
6316
5849
181
2477
2282
2594
8079
3022
9366
2159
1575
4867
7516
5018
6795
1641
5366
8545
7743
4239
6769
5551
2979
2783
4999
3947
1339
2204
8708
4735
3112
9011
1511
1618
1555
6895
5081
6940
5709
9537
4061
9759
5721
8633
1204
7642
4751
3780
3232
6759
9224
9775
8438
5015
8781
4683
2122
1606
6350
8637
4460
7276
3737
5619
5544
7632
2794
4872
2487
7633
6241
7486
2041
3424
6085
3244
8077
7081
4397
3459
5047
1919
5460
5917
2407
8490
6119
3939
2859
5294
4781
7809
5228
2140
9665
2454
7017
6803
8662
1733
1515
5040
4997
1695
8762
460
2953
9909
1896
8599
9034
1203
2276
682
4355
9774
3917
7726
1183
3454
2883
9592
299
7470
4918
1393
1440
9069
6093
743
8537
4059
9868
2800
1388
1758
7212
3663
3353
3182
591
1543
7674
8251
3073
7051
3759
7158
1963
2558
9588
2203
5895
1317
2567
7706
3163
885
3141
2289
3715
3462
8052
1931
5232
8891
585
9177
9531
9894
9440
3066
392
2362
9823
3728
3450
4826
1874
1825
7649
1458
6564
4214
493
2215
1583
3242
6131
8815
6473
533
4382
1878
3114
8293
905
4425
6834
6167
2592
3113
4703
7247
2739
7913
2796
7395
3211
856
6247
1804
7016
4209
3029
2466
9401
6985
8374
8173
2716
2178
2437
1672
7401
799
3602
1926
4743
1691
4350
7020
1709
3366
722
1250
912
5479
5349
346
1637
4903
6768
4451
2562
2094
3143
4320
6179
6157
3263
4282
9063
2932
3693
825
2963
2853
5544
669
7490
2498
1404
3905
7279
7230
8859
4993
4821
4048
3502
4341
3537
2809
2967
2153
8532
7865
4807
9536
3554
7931
5469
762
8682
1800
3720
3086
999
4810
5859
2187
3123
3584
4303
4526
2017
7565
3929
2364
1234
8369
7020
3170
2947
4798
6578
9724
1401
4424
2277
3165
8269
3535
6501
1720
4854
667
4555
952
4357
4467
8211
2390
6510
5533
1971
3307
2357
9041
2165
2653
1904
6809
5208
3950
3005
6782
3330
1679
705
9096
7768
1430
5814
4707
6768
7156
6395
2467
6938
3487
1716
9636
8540
6658
2142
3678
5400
3175
3015
2867
1617
6898
2374
3676
2842
2820
2388
2387
8178
1760
2737
3850
3805
3925
9730
4478
4291
9653
9247
2779
3322
6549
2853
9393
5438
2985
1388
8011
7100
1832
7339
495
2962
6242
1552
3207
7826
8035
2605
6556
831
6054
3235
7917
1353
7618
8261
513
774
4514
6206
4629
1799
2356
2720
821
2461
2688
4850
2548
7880
3716
3011
6685
7166
6060
4131
1580
4680
4386
803
3670
3402
4703
3689
2025
8120
7996
7600
221
6101
5129
765
2346
2451
3086
6530
6375
4128
7774
3689
1432
7328
1941
3158
4423
2837
2383
5793
7061
9703
6997
4458
7878
2082
7816
5624
4626
3543
1626
5161
3040
1919
7082
9358
2180
2013
1590
5202
4542
5410
2913
3543
1902
3429
9038
7690
9124
3157
4194
1021
2709
