0.00
2.54
0.67
2.78
1.62
0.07
0.09
6.41
2.46
2.82
0.00
0.23
1.50
19.71
13.02
0.19
0.23
2.73
0.84
0.12
8.53
2.69
0.66
14.95
1.39
8.32
0.78
16.29
0.09
9.35
7.54
3.03
8.42
8.42
61.36
50.16
1.95
23.26
1.33
0.64
69.41
0.19
4.60
1.55
2.62
2.87
7.34
4.56
6.62
1.66
0.04
15.52
0.06
0.81
0.28
0.00
0.18
4.36
5.64
2.59
0.42
4.77
2.58
0.98
15.31
4.03
1.43
4.15
2.24
3.94
15.62
1.17
2.75
11.43
0.07
14.73
15.57
0.74
3.20
0.12
29.20
3.39
0.00
0.49
8.23
2.85
0.63
2.46
1.35
14.97
2.33
0.93
0.19
0.26
1.89
2.69
2.03
29.42
0.77
0.89
0.06
11.22
0.23
3.75
29.58
0.27
5.50
11.19
8.97
0.02
1.61
0.86
0.04
0.05
14.96
0.43
0.03
40.73
0.16
0.48
1.33
4.58
5.94
0.95
0.54
1.39
31.43
0.39
0.06
1.50
0.00
48.24
0.01
1.41
0.70
0.52
1.35
1.02
2.69
0.60
38.21
0.35
2.76
0.65
17.19
0.02
1.36
0.19
0.14
21.85
2.18
0.62
3.40
3.06
0.90
0.02
2.45
17.60
12.08
2.25
0.03
10.68
0.04
10.41
0.68
0.11
31.65
1.88
0.25
0.06
0.00
1.11
3.16
0.20
0.15
0.73
9.50
34.48
29.23
0.86
0.24
15.21
0.02
8.76
3.29
0.89
4.14
9.20
0.20
1.21
3.36
2.44
2.66
12.86
5.52
6.21
11.37
23.17
14.57
0.26
0.68
1.39
2.32
0.22
3.76
0.16
4.36
28.10
0.22
0.48
0.08
0.43
0.08
6.14
17.31
4.31
1.79
3.60
4.23
0.01
7.55
0.27
8.14
6.80
0.19
0.54
1.97
4.38
0.51
2.23
1.05
0.62
0.37
2.56
2.18
0.63
2.13
0.49
1.01
0.34
0.43
2.68
11.58
0.17
9.48
4.49
42.39
2.02
58.85
0.19
3.75
7.76
2.45
8.81
1.15
11.49
0.91
9.53
0.84
0.02
31.21
3.20
2.35
9.91
0.02
7.07
28.69
26.10
0.07
10.52
0.03
0.14
0.01
1.03
10.55
0.87
4.16
1.10
2.19
25.98
0.00
1.19
0.20
4.26
0.15
0.26
8.90
18.43
0.71
1.20
18.70
6.93
37.43
0.62
0.24
8.05
1.26
2.56
0.31
6.42
4.32
0.58
0.38
20.44
5.26
30.53
1.98
0.00
0.55
20.09
6.61
0.75
0.11
2.88
0.01
1.45
0.35
1.72
0.36
11.28
20.96
0.21
7.49
15.50
14.44
0.64
8.19
19.23
2.34
4.32
1.62
0.88
0.05
17.94
4.92
1.01
37.06
9.92
12.13
0.68
0.17
2.49
3.09
29.27
4.04
2.95
6.52
0.70
7.47
0.67
0.00
7.86
5.59
18.57
2.94
1.39
0.25
18.58
5.05
8.53
0.08
0.00
8.90
0.72
26.97
0.02
0.00
2.46
0.45
0.22
2.67
18.60
7.13
4.51
0.19
2.80
33.57
4.94
7.81
0.01
10.96
2.39
1.94
0.01
2.30
0.09
38.64
1.96
4.96
0.64
0.82
4.43
1.65
0.11
2.78
14.93
3.72
3.07
1.58
0.13
0.20
9.49
0.29
1.05
702.74
0.91
0.09
0.08
7.56
37.22
10.37
0.01
11.24
6.15
0.04
0.53
6.08
0.56
11.50
0.12
0.34
1.93
0.15
0.68
0.00
3.44
3.50
0.15
1.49
3.91
30.83
0.00
11.11
41.28
0.68
0.04
0.49
2.44
7.00
1.37
4.50
15.65
2.64
0.06
17.08
4.41
0.26
1.36
11.85
0.17
14.46
4.65
0.11
4.88
1.83
31.96
2.03
7.64
0.33
0.00
0.37
0.74
2.18
2.76
4.44
3.01
1.99
6.05
0.04
11.56
4.23
12.50
4.93
12.44
0.14
13.16
0.41
1.51
19.23
1.00
0.84
4.88
2.08
3.55
0.26
15.99
2.79
26.25
3.89
0.75
0.33
0.27
4.08
0.05
5.09
16.33
0.93
0.38
0.40
0.43
11.32
0.85
0.12
0.05
1.46
1.17
2.19
1.31
0.00
0.35
1.68
4.02
37.72
0.02
1.06
2.10
0.86
0.18
0.46
16.77
1.03
0.99
9.71
8.55
2.05
10.78
11.02
14.77
0.06
0.92
42.24
2.99
0.07
0.97
47.67
4.93
0.18
0.27
0.24
0.62
1.26
0.76
15.31
0.12
1.39
16.16
3.21
11.80
1.12
20.54
0.58
0.75
5.12
0.31
0.31
10.60
3.59
21.65
5.37
12.39
5.35
0.63
0.49
0.95
2.51
37.43
0.30
16.86
0.00
13.95
0.45
3.99
1.94
1.34
3.57
1.81
1.98
32.43
0.39
0.73
11.12
1.29
1.63
0.05
5.30
0.88
11.60
0.21
10.64
2.72
0.63
35.21
15.28
30.12
0.33
0.15
2.16
0.60
0.02
3.76
62.39
7.70
11.74
15.41
1.27
0.01
0.05
16.03
0.07
2.59
134.61
0.10
1.69
1.01
0.37
1.53
36.30
0.02
0.28
0.30
2.49
12.63
5.19
0.29
0.02
9.69
0.02
0.80
0.03
0.63
7.82
0.35
0.46
32.51
27.34
0.16
10.13
10.17
2.26
0.28
1.05
0.17
32.04
8.90
5.21
1.22
0.14
0.63
6.15
20.40
4.88
0.24
0.01
2.20
3.56
4.13
4.28
0.97
1.37
1.12
2.12
19.14
0.26
0.08
0.19
0.07
3.94
4.12
32.08
0.18
0.65
3.18
0.04
7.12
26.66
24.74
0.57
10.06
0.19
0.22
10.17
24.38
4.86
11.54
0.12
0.01
67.62
1.73
1.66
52.51
0.03
0.39
0.00
2.59
1.30
10.18
77.30
0.01
0.90
1.05
0.13
4.47
0.29
0.83
9.93
15.60
5.43
3.15
24.36
18.78
1.00
23.33
15.00
4.53
0.55
0.07
42.22
0.08
13.03
14.76
0.27
3.15
0.93
28.56
1.52
37.60
10.76
2.10
0.29
4.26
30.79
0.04
5.44
1.51
1.91
0.00
6.60
1.52
0.91
12.56
0.16
0.03
0.44
0.37
2.88
0.13
0.72
6.58
0.63
0.69
1.98
0.13
2.01
7.01
12.53
21.01
0.32
0.54
37.28
2.92
3.07
0.03
0.86
0.80
0.33
0.00
20.66
0.43
0.00
6.49
12.88
1.41
9.81
0.66
2.56
0.80
0.94
0.45
2.59
0.31
1.88
0.93
39.36
8.66
0.59
9.84
3.13
1.40
0.25
0.42
22.56
0.20
0.07
3.30
0.00
1.74
2.56
2.03
0.81
6.88
0.23
4.51
3.09
6.08
0.05
0.04
0.91
16.82
0.45
0.28
3.47
3.10
14.69
53.22
1.12
0.02
0.09
7.73
2.29
0.54
1.85
0.36
25.28
0.00
0.30
0.39
8.42
0.65
1.62
15.28
9.13
30.76
2.21
4.17
2.92
12.79
0.04
2.11
2.00
0.07
42.52
0.12
0.58
0.74
5.00
0.27
0.17
1.70
89.06
0.49
108.10
2.23
53.79
23.00
0.67
1.89
46.28
49.93
1.15
19.57
8.74
22.33
7.99
3.41
35.07
4.22
4.77
0.11
0.98
0.91
6.08
9.61
0.05
6.68
0.94
0.08
28.46
2.78
13.88
0.01
8.77
0.03
17.40
9.17
0.90
4.06
27.89
0.10
0.19
1.08
5.15
8.89
48.14
4.42
0.03
3.52
1.49
3.30
28.85
0.00
3.99
19.71
1.62
5.16
1.01
2.08
0.80
12.69
0.29
7.30
12.10
91.74
0.07
0.25
3.77
0.11
0.13
0.12
3.98
11.86
0.03
5.06
1.16
0.15
3.35
0.11
33.97
3.70
1.21
0.04
0.19
0.17
19.86
0.06
8.95
1.00
20.56
10.02
0.00
18.92
4.45
0.89
0.39
0.25
0.38
8.04
2.77
0.01
39.64
19.25
0.13
5.68
0.24
0.00
0.09
3.95
15.28
8.18
3.99
0.32
6.46
2.26
0.26
1.93
7.04
7.03
6.01
7.27
0.20
37.10
3.15
1.82
3.47
8.22
5.92
2.84
7.62
2.32
16.93
9.64
0.00
136.25
42.02
0.01
8.90
0.91
41.01
62.96
7.48
0.12
4.56
5.37
9.91
0.78
28.86
26.01
1.54
0.23
0.00
5.35
